[Current Sense Resistivity]
Ch. 0 = 1.004965
Ch. 1 = 1.002506
Ch. 2 = 1.004438
Ch. 3 = 1.004094
Ch. 4 = 1.001771
Ch. 5 = 1.002294
Ch. 6 = 1.003442
Ch. 7 = 1.004821
Ch. 8 = 1.002232
Ch. 9 = 1.002396
Ch.10 = 1.002414
Ch.11 = 1.001942
Ch.12 = 1.002111
Ch.13 = 1.001404
Ch.14 = 1.001676
Ch.15 = 1.003375
Ch.16 = 1.003742
Ch.17 = 1.004292
Ch.18 = 1.004281
Ch.19 = 1.003925
Ch.20 = 1.004323
Ch.21 = 1.003815
Ch.22 = 1.003342
Ch.23 = 1.003677
Ch.24 = 1.005230
Ch.25 = 1.003586
Ch.26 = 1.004367
Ch.27 = 1.003423
Ch.28 = 1.002753
Ch.29 = 1.002792
Ch.30 = 1.004231
Ch.31 = 1.003960
Ch.32 = 1.003356
Ch.33 = 1.003415
Ch.34 = 1.003620
Ch.35 = 1.003847
Ch.36 = 1.005362
Ch.37 = 1.004116
Ch.38 = 1.003752
Ch.39 = 1.003061
Ch.40 = 1.003612
Ch.41 = 1.003182
Ch.42 = 1.004035
Ch.43 = 1.004214
Ch.44 = 1.003012
Ch.45 = 1.004788
Ch.46 = 1.003511
Ch.47 = 1.004249
Ch.48 = 1.002958
Ch.49 = 1.002497
Ch.50 = 1.003369
Ch.51 = 1.003475
Ch.52 = 1.003125
Ch.53 = 1.004237
Ch.54 = 1.003752
Ch.55 = 1.004364
Ch.56 = 1.007203
Ch.57 = 1.003348
Ch.58 = 1.004665
Ch.59 = 1.004690
Ch.60 = 1.002423
Ch.61 = 1.004268
Ch.62 = 1.001913
Ch.63 = 1.001021

[Current Set]
W0 = "2,2,2,2,2,2,2,2,2,2,2,2,2,2,2,2,2,2,2,2,2,2,2,2,2,2,2,2,2,2,2,2"
W1 = "2,0,1,0,2,0,1,0,2,0,1,0,2,0,1,0,2,0,1,0,2,0,1,0,2,0,1,0,2,0,1,0"
W2 = "2,0,1,0,1,0,2,0,2,0,1,0,1,0,2,0,2,0,1,0,1,0,2,0,2,0,1,0,1,0,2,0"
W3 = "2,0,1,0,2,0,1,0,1,0,2,0,1,0,2,0,2,0,1,0,2,0,1,0,1,0,2,0,1,0,2,0"
W4 = "2,0,1,0,1,0,2,0,1,0,2,0,2,0,1,0,2,0,1,0,1,0,2,0,1,0,2,0,2,0,1,0"
W5 = "2,0,1,0,2,0,1,0,2,0,1,0,2,0,1,0,1,0,2,0,1,0,2,0,1,0,2,0,1,0,2,0"
W6 = "2,0,1,0,1,0,2,0,2,0,1,0,1,0,2,0,1,0,2,0,2,0,1,0,1,0,2,0,2,0,1,0"
W7 = "2,0,1,0,2,0,1,0,1,0,2,0,1,0,2,0,1,0,2,0,1,0,2,0,2,0,1,0,2,0,1,0"
W8 = "2,0,1,0,1,0,2,0,1,0,2,0,2,0,1,0,1,0,2,0,2,0,1,0,2,0,1,0,1,0,2,0"